TILEMAP
60 17 							-- Size of tile map in tiles
32 32 						-- Tile size & block size
images/blocks.png 	-- Tilesheet
10 7								-- Number of tiles in tilesheet
 , , , , , , , , , , , , , , , , , , , , , , , , , , , , , , , , , , , , , , , , , , , , , , , , , , , , , , , , , , , 
 , , , , , , , , , , , , , , , , , , , , , , , , , , , , , , , , , , , , , , , , , , , , , , , , , , , , , , , , , , , 
 , , , , , , , , , , , , , , ,40,38, , , , , , , , , , , , , , , , , , , , , , , , , , , , , , , , , , , , , , , , , , , 
 , , , , , , , , , , , , , ,40,48,48,38, , , , , , , , , , , , , , , , , , , , , , , , , , , , , , , , , , , , , , , , , , 
 ,35,35, , , , , , , , , , ,40,48,48,48,48,38, , , , , , , , , , , , , , , , , , , , , , , , , , , , , , , , , , , , , , , , , 
 , , , , , , , , , , , ,40,48,48,48,48,48,48,38, , , , , , , , , , , ,67, , , , , , , , , , , , , , , , , , , , , , , , , , , , 
 , , , , , , , , , , ,40,48,48,48,48,48,48,48,48,38, ,22,23,24, , , ,58,57,57,65, , , , , , , , , , , , , , , , , , , , , , , , , , , , 
 , , , , , , , , , , , , , , , , ,60, ,60, ,60, ,60, , , , , , , , , , , , , , , , , , , , , , , , , , , , , , , , , , , , 
 , , , , , , , ,59,59,59,59,59, , , , ,60, ,60, ,60, ,60, , , , , , , , , , , , , , , , , , , , , , , , , , , , , , , , , , , , 
 , , , , , , , , , , , , , , , , ,68, ,60, ,60, ,60, , ,22,23,24, , , , , , , , , , , , , , , , , , , , , , , , , , , , , , , 
 ,69,69,69,69,69,69,19, ,2,2, ,2, , , , , , ,68, ,60, ,60, , , , , , , , , , , , , , , , , , , , , , , , , , , , , , , , , , , , 
 , , ,69,69,69,69, , ,2, , , , , , , , , , , ,68, ,60, , , , , , , , , , , , , , , , , , , , , , , , , , , , , , , , , , , , 
 , , , , ,69,69, , , , , , , , , , , , , , , , ,68, , , , , , , , , , , , , , , , , , , , , , , , , , , , , , , , , , , , 
 , , , , , , , , , , , , , , , , , , , , , , , , , , , , , , , , , , , , , , , , , , , , , , , , , , , , , , , , , , , 
 , , , , , , , ,59,59,59,59,59, , , , , , , , , , , , , , , , , , , , , , , , , , , , , , , , , , , , , , , , , , , , , , , 
 , , , , , , , , , , , , , , , , , , , , , , , , , , , , , , , , , , , , , , , , , , , , , , , , , , , , , , , , , , , 
 , , , , , , , , , , , , , , , , , , , , , , , , , , , , , , , , , , , , , , , , , , , , , , , , , , , , , , , , , , , 
