TILEMAP
60 17 							-- Size of tile map in tiles
32 32 						-- Tile size & block size
images/blocks.png 	-- Tilesheet
10 7								-- Number of tiles in tilesheet
 , , , , , , ,62, ,50, , , ,62, , , ,62, , ,44, , , , , , , , , , , , , , , , , , , , , , , , , , , , , , , , , , , , , , , 
 , , , , , , ,50, ,44, , , ,62, , , ,50, , ,62, , , , , , , , , , , , , , , , , , , , , , , , , , , , , , , , , , , , , , , 
 , , , , , , ,44, , , , , , , , , , , , , , , , , , , , , , , , , , , , , , , , , , , , , , , , , , , , , , , , , , , , 
 , , , , , , , , , , , , , , , , , , , , , , , , , , , , , , , , , , , , , , , , , , , , , , , , , , , , , , , , , , , 
 , , , , , , , , , , , , , , , , , , , , , , , , , , , , , , , , , , , , , , , , , , , , , , , , , , , , , , , , , , , 
 , , , , , , , , , , , , , , , , , ,33,33,33,33,33, , , , , , , , , , , , , , , , , , , , , , , , , , , , , , , , , , , , , 
 , , , , , , ,35, , , , , , , , ,35, , , , , , , , , , , , ,9,9,9, , , , , , , , , , , , , , , , , , , , , , , , , , , , 
 , , , , , , ,22,22,22,35,35,35,35,22,22,22, , , , , , , , ,35,35,35,22,22,22,35, , , , , , , , , , , , , , , , , , , , , , , , , , , , 
 , , , , , , ,69,69,69,69,69,69,69,69,69,69, , , , ,69,69,69,69,69,69,69,69,69,69,69, , , , , , , , , , , , , , , , , , , , , , , , , , , , 
 , , , , , , , , , , , , ,69, , , , ,2, , , , , ,2, , , , ,29,29,29, , , , , , , , , , , , , , , , , , , , , , , , , , , , 
 , , , , , , , , , , , , , , , , , , , , , , , , , , , , , , , , , , , , , , , , , , , , , , , , , , , , , , , , , , , 
 , , , , , , , , , , , , , , , , , , , , , , , , , , , , , , , , , , , , , , , , , , , , , , , , , , , , , , , , , , , 
 , , , , , , , , , , , , , , , , , , , , , , , , , , , , , , , , , , , , , , , , , , , , , , , , , , , , , , , , , , , 
 , , , , , , , , , , , , , , , , , , , , , , , , , , , , , , , , ,44, , , , , , , , , , , , , , , , , , , , , , , , , , 
 , , , , , , , , , , , , , , , , , , , , , , ,44, , , , , , , , , ,62, , , , , , , , , , , , , , , , , , , , , , , , , , 
 , , , , , , , , , , , , , , , , , , , , , , ,62, , ,50, , ,62, , , ,62, , , , , , , , , , , , , , , , , , , , , , , , , , 
 , , , , , , , , , , , , , , , , , , , , , , ,62, , ,50, , ,44, , , ,62, , , , , , , , , , , , , , , , , , , , , , , , , , 
