TILEMAP
60 17 							-- Size of tile map in tiles
32 32 						-- Tile size & block size
images/blocks.png 	-- Tilesheet
10 7								-- Number of tiles in tilesheet
 , , , , , , , , , , , , , , , , , , , , , , , , , , , , , , , , , , , , , , , , , , , , , , , , , , , , , , , , , , , 
 , , , , , , , , , , , , , , , , , , , , , , , , , , , , , , , , , , , , , , , , , , , , , , , , , , , , , , , , , , , 
 , , , , , , , , , , , , , , , , , , , , , , , , , , , , , , , , , , , , , , , , , , , , , , , , , , , , , , , , , , , 
 , , , , , , , , , , , , , , , , , , , , , , , , , , , , , , , , , , , , , , , , , , , , , , , , , , , , , , , , , , , 
 , , , , , , , , , , , , , , , , , , , , , , , , , , , , , , , , ,22,22,22, , , , , , , , , , , , , , , , , , , , , , , , 
 , , , , , , , , , , ,22,22,22,22,22, , , , ,35, , , , , , , , , , ,9,9,9,9,9, , , , , , , , , , , , , , , , , , , , , , , , 
 , , , , , , , , , ,22,22,22,22,22,22, ,9,9,9,9,9,9, ,22,22,22,22, , ,22,22,22,22,22,22, , , , , , , , , , , , , , , , , , , , , , , , 
 , , , , , , , , , , , , ,62,62, , , , , , , , , , , , , , ,9,9,9,9,9,9,9, , , , , , , , , , , , , , , , , , , , , , , , 
 , , , , , , , , , , , , ,50,50, , , , , , , , , , , , , , , , , , , , , , , , , , , , , , , , , , , , , , , , , , , , , 
 , , , , , , , ,69,69,69,22, ,62,62, , , ,2, , , , , ,2, , , , ,29,29,29,29,29,29,29,29,29, , , , , , , , , , , , , , , , , , , , , , 
 , , , , , , , , , ,69,22, ,29,29, ,29,29,29,29,29,29,29,29,29,29,29, , , , ,69,69,22,22,22,22,22, , , , , , , , , , , , , , , , , , , , , , 
 , , , , , , ,22, , , ,22, , , , , , , , , , , , , , , , , , , , , , ,22,22,22,22, , , , , , , , , , , , , , , , , , , , , , 
 , , , , , , , , , , , , , , , , , , , , , , , , , , , , , , , , , , , ,22,22, , , , , , , , , , , , , , , , , , , , , , 
 , , , , , , , , , , , , , , , ,70,70,70,70,70,70,70,70,70,70,70, , , , , , , , , , , , , , , , , , , , , , , , , , , , , , , , , 
 , , , , , , , , , , , , , , , ,69,69,69,69,69,69,69,69,69,69,69, , , , , , , , , , , , , , , , , , , , , , , , , , , , , , , , , 
 , , , , , , , , , , , , , , , , , , , , , , , , , , , , , , , , , , , , , , , , , , , , , , , , , , , , , , , , , , , 
 , , , , , , , , , , , , , , , , , , , , , , , , , , , , , , , , , , , , , , , , , , , , , , , , , , , , , , , , , , , 