TILEMAP
60 17 							-- Size of tile map in tiles
32 32 						-- Tile size & block size
images/blocks.png 	-- Tilesheet
10 7								-- Number of tiles in tilesheet
 , , , , , , ,44, , , , , , , , , , , , , , , , , , , , , , , , , , , , , , , , , , , , , , , , , , , , , , , , , , , , 
 , , , , , , ,50, , , , , , , , , , , , , , , , , , , , , , , , , , , , , , , , , , , , , , , , , , , , , , , , , , , , 
 , , , , , , ,62, , , , , , , , , , , , , , , , , , , , , , , , , , , , , , , , , , , , , , , , , , , , , , , , , , , , 
 , , , , , , ,50, , , , , , , , , , , , , , , , , , , , , ,48, , , , , , , , , , , , , , , , , , , , , , , , , , , , , , 
 , , , , , , ,62, , , , , , , , ,3, , , , , , , , , , ,37,54,36, , , , , , , , , , , , , , , , , , , , , , , , , , , , , , , , 
 , , , , , , ,50, , , , , , ,2,2,3, , , , , , , ,70,70, , , , , , , , , , , , , , , , , , , , , , , , , , , , , , , , , , 
 , , , , , , ,62, , , , , ,4,5,5,6, , ,35,35,35,35, , , , , , , , , ,59,59, , , , , , , , , , , , , , , , , , , , , , , , , , 
 , , , , , , ,70,58,57,57,56, ,14,15,15,16, , , , , , , , , , , , , , , , , , , , , , , , , , , , , , , , , , , , , , , , , , , 
 , , , , , , ,2,3,3,3,3, , , , , , , , ,2,2,2,2, , , , , , , , , , , , , , , , , , , , , , , , , , , , , , , , , , , , 
 , , , , , , ,2, , , , , ,46,45, , ,69,69,69, , , ,2, , , , , , , , , , , , , , , , , , , , , , , , , , , , , , , , , , , , 
 , , , , , , ,2, , , , , , , , , , , , , , , ,7,12,8, , , , , , , , , , , , , , , , , , , , , , , , , , , , , , , , , , 
 , , , , , , ,2, , , , , , , , , , , , , , , , , ,27, , , , , , , , , , , , , , , , , , , , , , , , , , , , , , , , , , 
 , , , , , , ,2, , , , , , , , , , , , , , , , , ,18, , , , , , , , , , , , , , , , , , , , , , , , , , , , , , , , , , 
 , , , , , , , , , , , , , , , , , , , , , , , , , , , , , , , , , , , , , , , , , , , , , , , , , , , , , , , , , , , 
 , , , , , , , , , , , , , , , , , , , , , , , , , , , , , , , , , , , , , , , , , , , , , , , , , , , , , , , , , , , 
 , , , , , , , , , , , , , , , , , , , , , , , , , , , , , , , , , , , , , , , , , , , , , , , , , , , , , , , , , , , 
 , , , , , , , , , , , , , , , , , , , , , , , , , , , , , , , , , , , , , , , , , , , , , , , , , , , , , , , , , , , 
